   1.00000000      -3.99034595      0.998287618       15.9388428      0.997565031    
   1.00999999      -3.98987103      0.998223424       15.9350624      0.997436643    
   1.01999998      -3.98940015      0.998161435       15.9313087      0.997312427    
   1.02999997      -3.98871279      0.998074830       15.9258204      0.997138739    
   1.03999996      -3.98823833      0.998013496       15.9220495      0.997016251    
   1.04999995      -3.98740816      0.997904360       15.9154320      0.996797681    
   1.05999994      -3.98665786      0.997805834       15.9094543      0.996600807    
   1.06999993      -3.98629284      0.997759521       15.9065485      0.996508360    
   1.07999992      -3.98533034      0.997636914       15.8988886      0.996263266    
   1.08999991      -3.98464417      0.997542918       15.8934155      0.996075630    
   1.09999990      -3.98408508      0.997467458       15.8889666      0.995924711    
   1.10999990      -3.98315907      0.997352362       15.8815966      0.995695114    
   1.11999989      -3.98234391      0.997248888       15.8751154      0.995488465    
   1.12999988      -3.98114610      0.997086644       15.8655767      0.995164871    
   1.13999987      -3.98021436      0.996960759       15.8581696      0.994913936    
   1.14999986      -3.97916842      0.996823609       15.8498497      0.994640768    
   1.15999985      -3.97765899      0.996626616       15.8378534      0.994248390    
   1.16999984      -3.97710085      0.996551931       15.8334179      0.994099200    
   1.17999983      -3.97550845      0.996341050       15.8207636      0.993679047    
   1.18999982      -3.97488236      0.996261358       15.8157854      0.993520439    
   1.19999981      -3.97337770      0.996055067       15.8038416      0.993110001    
   1.20999980      -3.97165632      0.995823562       15.7901812      0.992649913    
   1.21999979      -3.97058225      0.995675385       15.7816429      0.992354631    
   1.22999978      -3.96882296      0.995436788       15.7676983      0.991879344    
   1.23999977      -3.96698499      0.995195806       15.7531195      0.991401017    
   1.24999976      -3.96626377      0.995095789       15.7473993      0.991202116    
   1.25999975      -3.96401978      0.994798541       15.7296009      0.990611911    
   1.26999974      -3.96258712      0.994610250       15.7182598      0.990237117    
   1.27999973      -3.96063662      0.994344294       15.7027941      0.989708662    
   1.28999972      -3.95773482      0.993942976       15.6798439      0.988912046    
   1.29999971      -3.95712447      0.993863940       15.6750031      0.988754809    
   1.30999970      -3.95418429      0.993470848       15.6517658      0.987974167    
   1.31999969      -3.95278335      0.993256688       15.6406898      0.987549484    
   1.32999969      -3.94988132      0.992861032       15.6177692      0.986764252    
   1.33999968      -3.94794893      0.992594421       15.6024733      0.986234903    
   1.34999967      -3.94617796      0.992339671       15.5885267      0.985729933    
   1.35999966      -3.94362593      0.991999924       15.5683918      0.985056639    
   1.36999965      -3.94073582      0.991571009       15.5456152      0.984206080    
   1.37999964      -3.93808270      0.991233408       15.5247478      0.983537436    
   1.38999963      -3.93548799      0.990842104       15.5042877      0.982762218    
   1.39999962      -3.93223071      0.990405798       15.4786720      0.981898546    
   1.40999961      -3.92974520      0.990051270       15.4591236      0.981196105    
   1.41999960      -3.92597532      0.989519954       15.4295416      0.980145335    
   1.42999959      -3.92355442      0.989151001       15.4105644      0.979415655    
   1.43999958      -3.91973400      0.988625288       15.3805981      0.978376806    
   1.44999957      -3.91566682      0.988000035       15.3486767      0.977139354    
   1.45999956      -3.91351914      0.987738490       15.3318701      0.976622880    
   1.46999955      -3.90982103      0.987168074       15.3029680      0.975497365    
   1.47999954      -3.90591979      0.986635447       15.2725067      0.974446416    
   1.48999953      -3.90302181      0.986217499       15.2498798      0.973621607    
   1.49999952      -3.89826870      0.985533297       15.2127771      0.972272038    
   1.50999951      -3.89278531      0.984676898       15.1701441      0.970587313    
   1.51999950      -3.88968277      0.984216571       15.1459351      0.969678581    
   1.52999949      -3.88588977      0.983672559       15.1164942      0.968609571    
   1.53999949      -3.88139391      0.983038783       15.0815840      0.967363119    
   1.54999948      -3.87741733      0.982416987       15.0507355      0.966141045    
   1.55999947      -3.87243176      0.981660008       15.0121374      0.964656413    
   1.56999946      -3.86638355      0.980742216       14.9653358      0.962854266    
   1.57999945      -3.86396408      0.980429947       14.9466248      0.962241173    
   1.58999944      -3.85851622      0.979575455       14.9045610      0.960566938    
   1.59999943      -3.85345960      0.978759110       14.8655958      0.958969653    
   1.60999942      -3.84616804      0.977626503       14.8095503      0.956756175    
   1.61999941      -3.84219027      0.977000356       14.7789965      0.955532491    
   1.62999940      -3.83634090      0.976161540       14.7340345      0.953892827    
   1.63999939      -3.83045793      0.975168765       14.6890650      0.951958418    
   1.64999938      -3.82416415      0.974203825       14.6408930      0.950078130    
   1.65999937      -3.81948805      0.973459661       14.6051598      0.948628664    
   1.66999936      -3.81104326      0.972043991       14.5407848      0.945877731    
   1.67999935      -3.80658126      0.971394122       14.5067730      0.944612503    
   1.68999934      -3.80079937      0.970541537       14.4629297      0.942959130    
   1.69999933      -3.79050875      0.968794823       14.3848228      0.939572334    
   1.70999932      -3.78807950      0.968365669       14.3665228      0.938746750    
   1.71999931      -3.77841020      0.966645539       14.2933159      0.935420752    
   1.72999930      -3.77071595      0.965389132       14.2352295      0.932992518    
   1.73999929      -3.76108551      0.963748276       14.1628351      0.929835320    
   1.74999928      -3.75774765      0.963221669       14.1377344      0.928819001    
   1.75999928      -3.74968719      0.962068260       14.0772085      0.926596403    
   1.76999927      -3.74174547      0.960676193       14.0178442      0.923922777    
   1.77999926      -3.73251677      0.958927155       13.9488258      0.920570076    
   1.78999925      -3.72422075      0.957604289       13.8871517      0.918039024    
   1.79999924      -3.71755481      0.956419647       13.8375778      0.915782392    
   1.80999923      -3.70676756      0.954470396       13.7575417      0.912056804    
   1.81999922      -3.69926167      0.953153193       13.7019463      0.909545600    
   1.82999921      -3.68802977      0.951202273       13.6190901      0.905834317    
   1.83999920      -3.67653108      0.948852003       13.5345850      0.901386142    
   1.84999919      -3.66793609      0.947461665       13.4714317      0.898748398    
   1.85999918      -3.65919065      0.945702434       13.4073839      0.895426989    
   1.86999917      -3.65085483      0.944447398       13.3466167      0.893060684    
   1.87999916      -3.63745785      0.941601634       13.2490988      0.887703180    
   1.88999915      -3.62626100      0.939677656       13.1677046      0.884086311    
   1.89999914      -3.61792111      0.937961996       13.1073456      0.880875468    
   1.90999913      -3.60080457      0.934302449       12.9840956      0.874059558    
   1.91999912      -3.59200120      0.932364464       12.9207039      0.870472848    
   1.92999911      -3.58037019      0.930177152       12.8375664      0.866391957    
   1.93999910      -3.56916332      0.928016007       12.7574959      0.862374306    
   1.94999909      -3.55569959      0.925066113       12.6619444      0.856943130    
   1.95999908      -3.54586315      0.923309863       12.5918293      0.853690863    
   1.96999907      -3.52866673      0.919224977       12.4704399      0.846204460    
   1.97999907      -3.51650190      0.916856766       12.3847914      0.841878772    
   1.98999906      -3.50441074      0.914697230       12.2998924      0.837901235    
   1.99999905      -3.48622108      0.910627782       12.1730719      0.830493689    
   2.00999904      -3.46473813      0.903850675       12.0241928      0.818381846    
   2.01999903      -3.45432758      0.902128935       11.9522209      0.815248072    
   2.02999902      -3.44080687      0.899276197       11.8595171      0.810141802    
   2.03999901      -3.42379785      0.894670784       11.7425194      0.801980913    
   2.04999900      -3.41526866      0.894276321       11.6846199      0.801178455    
   2.05999899      -3.39006305      0.886409461       11.5128880      0.787242591    
   2.06999898      -3.37933636      0.883140564       11.4408884      0.781681180    
   2.07999897      -3.35772967      0.877546668       11.2954674      0.771852255    
   2.08999896      -3.34216785      0.873789608       11.1913595      0.765403271    
   2.09999895      -3.31820560      0.867025495       11.0320244      0.753674746    
   2.10999894      -3.29624414      0.860388517       10.8867912      0.742227137    
   2.11999893      -3.28039289      0.855752945       10.7831831      0.734481931    
   2.12999892      -3.25829720      0.849470139       10.6383410      0.723718166    
   2.13999891      -3.23437595      0.840055227       10.4845533      0.708453596    
   2.14999890      -3.20042753      0.824413002       10.2671652      0.684405506    
   2.15999889      -3.20172048      0.833328247       10.2740374      0.696891308    
   2.16999888      -3.16498375      0.818975210       10.0415020      0.674285173    
   2.17999887      -3.13876843      0.798094928       9.87847042      0.643606663    
   2.18999887      -3.11395502      0.797325730       9.72125340      0.640044451    
   2.19999886      -3.09492302      0.784310400       9.60500717      0.622485518    
   2.20999885      -3.06087756      0.766432106       9.39562321      0.594616592    
   2.21999884      -3.02250814      0.721601725       9.16747856      0.547698736    
   2.22999883      -3.00009060      0.742569804       9.02862930      0.560589969    
   2.23999882      -2.98070145      0.737583041       8.91291714      0.551882505    
   2.24999881      -2.93618798      0.707441509       8.65056324      0.513330519    
   2.25999880      -2.91915274      0.694626868       8.55154610      0.496883452    
   2.26999879      -2.84820104      0.619953394       8.14625072      0.414551497    
   2.27999878      -2.79847527      0.566278815       7.86736727      0.364727855    
   2.28999877      -2.74281120      0.501299381       7.55840492      0.303914666    
   2.29999876      -2.70407677      0.482747406       7.34483337      0.274510145    
   2.30999875      -2.72387981      0.546248317       7.45148802      0.326309711    
   2.31999874      -2.68978071      0.545006514       7.26442385      0.321513683    
   2.32999873      -2.56836438      0.317458928       6.62347460      0.139789462    
   2.33999872      -2.60265255      0.421924472       6.80441427      0.224176005    
   2.34999871      -2.55401111      0.388778210       6.54947758      0.186397716    
   2.35999870      -2.51975060      0.332210392       6.37767029      0.153414354    
   2.36999869      -2.47043967      0.261191100       6.12754631      0.100956127    
   2.37999868      -2.44633746      0.245029002       6.00853348       8.67957994E-02
   2.38999867      -2.45340824      0.310224205       6.04439402      0.131008446    
   2.39999866      -2.39496565      0.223569736       5.75678015       7.29781985E-02
   2.40999866      -2.38067842      0.220144615       5.69053793       7.46909231E-02
   2.41999865      -2.38104343      0.258231908       5.69262171       9.53235924E-02
   2.42999864      -2.35003090      0.216992587       5.54215431       6.90855011E-02
   2.43999863      -2.33991194      0.244748116       5.49854088       8.75128210E-02
   2.44999862      -2.29725075      0.169410050       5.29763985       4.48400676E-02
   2.45999861      -2.28399372      0.200588524       5.23635626       5.78026511E-02
   2.46999860      -2.27170134      0.180663243       5.17948484       4.61113900E-02
   2.47999859      -2.25365114      0.177454472       5.09807587       4.78536300E-02
   2.48999858      -2.23151302      0.175925627       4.99869442       4.48348895E-02
   2.49999857      -2.22380710      0.178548306       4.96460915       4.79246750E-02
   2.50999856      -2.18939304      0.152661383       4.81075716       3.49400192E-02
   2.51999855      -2.18153286      0.148670122       4.77760220       3.48641425E-02
   2.52999854      -2.15868211      0.147277489       4.67713213       3.39338742E-02
   2.53999853      -2.14856386      0.153498009       4.63393307       3.63788418E-02
   2.54999852      -2.13330531      0.148654521       4.56857061       3.25188637E-02
   2.55999851      -2.11351275      0.122754760       4.48394156       2.36546174E-02
   2.56999850      -2.09078789      0.127197817       4.38802767       2.52384450E-02
   2.57999849      -2.08166027      0.128348604       4.34932137       2.57398877E-02
   2.58999848      -2.06738782      0.121357016       4.29088068       2.31622458E-02
   2.59999847      -2.05508327      0.121775307       4.23950720       2.27721110E-02
   2.60999846      -2.03681684      0.111306630       4.16399717       1.91037469E-02
   2.61999846      -2.02463889      0.109523505       4.11450720       1.80142373E-02
   2.62999845      -2.00778103      0.110389940       4.04620838       1.93037596E-02
   2.63999844      -2.00393009      0.113609470       4.03154182       1.98398903E-02
   2.64999843      -1.98493707      0.101748243       3.95472240       1.63038298E-02
   2.65999842      -1.97878432      0.110701829       3.93066669       1.90510899E-02
   2.66999841      -1.96543455       9.98858213E-02   3.87828994       1.56486519E-02
   2.67999840      -1.94817519      0.106813468       3.81036377       1.80537757E-02
   2.68999839      -1.94142973      0.107059330       3.78423214       1.73509251E-02
   2.69999838      -1.92850494       9.45296586E-02   3.73392439       1.36635173E-02
   2.70999837      -1.91605377       9.59160551E-02   3.68571520       1.37047488E-02
   2.71999836      -1.90116227       9.67446342E-02   3.62883759       1.51421614E-02
   2.72999835      -1.89034891       9.14681107E-02   3.58700228       1.29917627E-02
   2.73999834      -1.87032509       8.66615474E-02   3.51170635       1.16929421E-02
   2.74999833      -1.86170220       8.40478837E-02   3.47960544       1.10806180E-02
   2.75999832      -1.85376608       8.37001950E-02   3.45028925       1.07949274E-02
   2.76999831      -1.84858978       9.21267569E-02   3.43087125       1.30410315E-02
   2.77999830      -1.83790672       8.80533308E-02   3.39149261       1.19735133E-02
   2.78999829      -1.82534707       8.95780921E-02   3.34511447       1.24259740E-02
   2.79999828      -1.81735015       8.37849751E-02   3.31637788       1.09303081E-02
   2.80999827      -1.80709589       8.53389874E-02   3.27888274       1.11012515E-02
   2.81999826      -1.79748976       8.31850246E-02   3.24413848       1.09486682E-02
   2.82999825      -1.78782952       8.02572519E-02   3.20949554       1.00433594E-02
   2.83999825      -1.77440894       8.14231634E-02   3.16123581       1.02121849E-02
   2.84999824      -1.76348424       8.07023644E-02   3.12251496       1.00669237E-02
   2.85999823      -1.75558531       8.02363083E-02   3.09475613       9.98091325E-03
   2.86999822      -1.74366450       7.42837563E-02   3.05292416       8.59451946E-03
   2.87999821      -1.73499632       7.54208267E-02   3.02292156       8.69546738E-03
   2.88999820      -1.72644663       7.61957541E-02   2.99321294       9.19254776E-03
   2.89999819      -1.71711957       7.27226958E-02   2.96097708       8.19830038E-03
   2.90999818      -1.70579278       7.67854452E-02   2.92222857       9.25226882E-03
   2.91999817      -1.69781470       6.95647672E-02   2.89454055       7.63336243E-03
   2.92999816      -1.68942213       6.81306198E-02   2.86618876       7.43553229E-03
   2.93999815      -1.68339491       7.12902248E-02   2.84595227       8.05275049E-03
   2.94999814      -1.67357242       7.23204687E-02   2.81275988       8.17342941E-03
   2.95999813      -1.66849768       7.21266121E-02   2.79599380       8.08053557E-03
   2.96999812      -1.65625989       6.96729720E-02   2.75481248       7.51412427E-03
   2.97999811      -1.64826727       6.94060102E-02   2.72889185       7.46591901E-03
   2.98999810      -1.63767242       6.97008669E-02   2.69394732       7.53631024E-03
   2.99999809      -1.63210690       6.58952221E-02   2.67536759       6.84180949E-03
   3.00999808      -1.62506700       6.66375458E-02   2.65232444       6.99553406E-03
   3.01999807      -1.61801291       6.71536773E-02   2.62937927       7.11781345E-03
   3.02999806      -1.60864687       6.74596354E-02   2.59923220       7.23313121E-03
   3.03999805      -1.60150552       6.35823905E-02   2.57627130       6.38707262E-03
   3.04999804      -1.59599197       6.48703948E-02   2.55846190       6.56019803E-03
   3.05999804      -1.58609962       6.30455464E-02   2.52709222       6.22540154E-03
   3.06999803      -1.57771826       6.50693551E-02   2.50032449       6.67568436E-03
   3.07999802      -1.56905198       6.39652088E-02   2.47306180       6.27831975E-03
   3.08999801      -1.56193304       6.15210943E-02   2.45076084       5.90430712E-03
   3.09999800      -1.55630231       6.44910634E-02   2.43294263       6.59106439E-03
   3.10999799      -1.55017066       5.99745959E-02   2.41402173       5.65146748E-03
   3.11999798      -1.53997552       6.08326346E-02   2.38268185       5.70742553E-03
   3.12999797      -1.53473616       6.41445816E-02   2.36643767       6.46803761E-03
   3.13999796      -1.52861583       6.24710061E-02   2.34748578       6.02673925E-03
   3.14999795      -1.52276671       5.95577955E-02   2.32932138       5.48191881E-03
   3.15999794      -1.51493692       6.29324764E-02   2.30581975       6.19999925E-03
   3.16999793      -1.51060820       6.09873533E-02   2.29262948       5.81785850E-03
   3.17999792      -1.50278986       5.75509146E-02   2.26905346       5.21695428E-03
   3.18999791      -1.49408245       5.63956760E-02   2.24258637       5.02806436E-03
   3.19999790      -1.48850203       5.72849251E-02   2.22633004       5.10470150E-03
   3.20999789      -1.48231924       5.67038469E-02   2.20757627       5.14787622E-03
   3.21999788      -1.47859776       5.88311628E-02   2.19654369       5.43013960E-03
   3.22999787      -1.46348166       5.85926622E-02   2.15194297       5.34256734E-03
   3.23999786      -1.46425319       5.73140569E-02   2.15437841       5.12908958E-03
   3.24999785      -1.45639706       5.64242527E-02   2.13168240       4.92235413E-03
   3.25999784      -1.45155668       5.51144481E-02   2.11723852       4.81217587E-03
   3.26999784      -1.44487953       5.52286617E-02   2.09751320       4.71264217E-03
   3.27999783      -1.43578911       5.49367219E-02   2.07155085       4.77205403E-03
   3.28999782      -1.42943406       5.31414188E-02   2.05321980       4.37682169E-03
   3.29999781      -1.42823625       5.55499941E-02   2.04982066       4.80277091E-03
   3.30999780      -1.42232811       5.47520295E-02   2.03299618       4.78336494E-03
   3.31999779      -1.41587257       5.35178669E-02   2.01444674       4.53958800E-03
   3.32999778      -1.40933418       5.39455004E-02   1.99632180       4.55397274E-03
   3.33999777      -1.40107810       5.26760630E-02   1.97284806       4.32563433E-03
   3.34999776      -1.39814556       5.15130684E-02   1.96490717       4.18985123E-03
   3.35999775      -1.39306796       5.16581871E-02   1.95025575       4.16028732E-03
   3.36999774      -1.38698590       5.30044846E-02   1.93353546       4.38660663E-03
   3.37999773      -1.38331735       5.23938462E-02   1.92326629       4.26714821E-03
   3.38999772      -1.37624443       5.26264086E-02   1.90367270       4.32514586E-03
   3.39999771      -1.37344134       5.04625849E-02   1.89631212       4.04305104E-03
   3.40999770      -1.36702621       5.16117215E-02   1.87870789       4.18523699E-03
   3.41999769      -1.36073852       5.23966104E-02   1.86142647       4.24784003E-03
   3.42999768      -1.35437477       5.10881916E-02   1.84380126       4.09092568E-03
   3.43999767      -1.35169244       5.45003489E-02   1.83651948       4.65331180E-03
   3.44999766      -1.34244215       4.94254157E-02   1.81153631       3.84844351E-03
   3.45999765      -1.33640957       5.11599444E-02   1.79544282       4.08151792E-03
   3.46999764      -1.33215272       5.04126363E-02   1.78392053       3.96425696E-03
   3.47999763      -1.32615137       5.03601879E-02   1.76798046       3.96196218E-03
   3.48999763      -1.32390559       4.90034819E-02   1.76199174       3.75489052E-03
   3.49999762      -1.31903648       4.87993807E-02   1.74901593       3.75475897E-03
   3.50999761      -1.31274545       4.87203002E-02   1.73250639       3.76473204E-03
   3.51999760      -1.30810380       4.87233624E-02   1.72039306       3.71599523E-03
   3.52999759      -1.30372643       4.86960262E-02   1.70904016       3.73253925E-03
   3.53999758      -1.29877806       4.79874127E-02   1.69612241       3.56277823E-03
   3.54999757      -1.29413188       4.91795614E-02   1.68378699       3.85282771E-03
   3.55999756      -1.29122269       4.74408716E-02   1.67649043       3.52771324E-03
   3.56999755      -1.28615057       4.76244502E-02   1.66343760       3.57760862E-03
   3.57999754      -1.28267205       4.79009822E-02   1.65436065       3.67269176E-03
   3.58999753      -1.27740145       4.78106327E-02   1.64049196       3.58343753E-03
   3.59999752      -1.27002347       4.50574495E-02   1.62198114       3.19911540E-03
   3.60999751      -1.26735520       4.67281267E-02   1.61509705       3.47151933E-03
   3.61999750      -1.26476169       4.61338535E-02   1.60866940       3.39581631E-03
   3.62999749      -1.25689733       4.73597236E-02   1.58850539       3.57393431E-03
   3.63999748      -1.25366402       4.55860719E-02   1.58058238       3.25847859E-03
   3.64999747      -1.24765635       4.54879813E-02   1.56544542       3.26859392E-03
   3.65999746      -1.24265814       4.58881296E-02   1.55281758       3.30476882E-03
   3.66999745      -1.24081898       4.72688265E-02   1.54861486       3.49901989E-03
   3.67999744      -1.23725939       4.63634916E-02   1.53965950       3.40333581E-03
   3.68999743      -1.23050058       4.39568795E-02   1.52308333       3.03239934E-03
   3.69999743      -1.22708964       4.56272997E-02   1.51448762       3.23408376E-03
   3.70999742      -1.22288942       4.55780216E-02   1.50413036       3.27126193E-03
   3.71999741      -1.21939206       4.53316234E-02   1.49532461       3.21398536E-03
   3.72999740      -1.21739221       4.50761542E-02   1.49072492       3.24493670E-03
   3.73999739      -1.21169519       4.52611186E-02   1.47703898       3.25442944E-03
   3.74999738      -1.20766878       4.53607440E-02   1.46704721       3.20433779E-03
   3.75999737      -1.20195687       4.32004146E-02   1.45316553       2.91370368E-03
   3.76999736      -1.19964969       4.50917073E-02   1.44786882       3.14015057E-03
   3.77999735      -1.19408834       4.40649465E-02   1.43430328       3.07110813E-03
   3.78999734      -1.19120145       4.43135910E-02   1.42767859       3.08248494E-03
   3.79999733      -1.18848467       4.34631854E-02   1.42124987       2.98815314E-03
   3.80999732      -1.18189299       4.30799611E-02   1.40527403       2.91424291E-03
   3.81999731      -1.17915368       4.33150008E-02   1.39871740       2.94552976E-03
   3.82999730      -1.17543614       4.36054245E-02   1.38999593       2.95942626E-03
   3.83999729      -1.17303753       4.25478593E-02   1.38439369       2.85802316E-03
   3.84999728      -1.16764808       4.33731489E-02   1.37182200       2.96146167E-03
   3.85999727      -1.16162598       4.29258235E-02   1.35788310       2.92426255E-03
   3.86999726      -1.15903211       4.27736044E-02   1.35182595       2.87061837E-03
   3.87999725      -1.15758610       4.28687856E-02   1.34842324       2.89313309E-03
   3.88999724      -1.15275633       4.29104194E-02   1.33711362       2.87306774E-03
   3.89999723      -1.14863634       4.26601022E-02   1.32773483       2.87311617E-03
   3.90999722      -1.14483583       4.22328971E-02   1.31890047       2.76419823E-03
   3.91999722      -1.13992572       4.16881703E-02   1.30785453       2.71488377E-03
   3.92999721      -1.13625753       4.19859178E-02   1.29927778       2.79038493E-03
   3.93999720      -1.13542545       4.18953151E-02   1.29766810       2.75910553E-03
   3.94999719      -1.13161516       4.19771820E-02   1.28872657       2.75537814E-03
   3.95999718      -1.12621236       4.20468301E-02   1.27656007       2.77640508E-03
   3.96999717      -1.12200677       4.18529958E-02   1.26709294       2.76523922E-03
   3.97999716      -1.11854410       4.03639339E-02   1.25925267       2.55247997E-03
   3.98999715      -1.11866808       4.18264940E-02   1.25951374       2.72058300E-03
   3.99999714      -1.11290848       4.03832234E-02   1.24691439       2.55659223E-03
   4.00999737      -1.11048186       4.10414599E-02   1.24099982       2.63865059E-03
   4.01999760      -1.10711634       4.13504615E-02   1.23404515       2.70172488E-03
   4.02999783      -1.10173082       4.04995009E-02   1.22164333       2.58448464E-03
   4.03999805      -1.10166657       4.09250446E-02   1.22183907       2.65178038E-03
   4.04999828      -1.09568751       3.99897285E-02   1.20836508       2.51561729E-03
   4.05999851      -1.09235430       4.04510647E-02   1.20130730       2.58522481E-03
   4.06999874      -1.08764410       4.01080810E-02   1.19091415       2.51502800E-03
   4.07999897      -1.08717477       4.04525958E-02   1.18972754       2.58471235E-03
   4.08999920      -1.08302820       4.05655243E-02   1.18082750       2.61594122E-03
   4.09999943      -1.07974219       3.91514003E-02   1.17382991       2.41145957E-03
   4.10999966      -1.07778740       4.04002815E-02   1.16928458       2.56624538E-03
   4.11999989      -1.07390499       3.98348644E-02   1.16118228       2.51687737E-03
   4.13000011      -1.07209992       3.88539210E-02   1.15721989       2.39198375E-03
   4.14000034      -1.06810665       3.99267226E-02   1.14868045       2.50088167E-03
   4.15000057      -1.06410897       3.97109799E-02   1.14002931       2.45933887E-03
   4.16000080      -1.06186461       3.90674360E-02   1.13524389       2.40148022E-03
   4.17000103      -1.05933118       3.90556529E-02   1.13006222       2.41878419E-03
   4.18000126      -1.05502045       3.88511345E-02   1.12089741       2.34500598E-03
   4.19000149      -1.05507040       3.90026532E-02   1.12087536       2.39413255E-03
   4.20000172      -1.04908776       3.86445373E-02   1.10850239       2.35849596E-03
   4.21000195      -1.04908872       3.87721956E-02   1.10831857       2.37085298E-03
   4.22000217      -1.04281557       3.94710898E-02   1.09524262       2.45785690E-03
   4.23000240      -1.03942275       3.86420600E-02   1.08807540       2.34439434E-03
   4.24000263      -1.03868914       3.93051282E-02   1.08652878       2.41984869E-03
   4.25000286      -1.03612947       3.77497487E-02   1.08130395       2.23047403E-03
   4.26000309      -1.03401136       3.85281406E-02   1.07693636       2.34717573E-03
   4.27000332      -1.02926099       3.74271497E-02   1.06697297       2.18371605E-03
   4.28000355      -1.02486849       3.77358720E-02   1.05802965       2.24079634E-03
   4.29000378      -1.02344549       3.84298936E-02   1.05507708       2.33503082E-03
   4.30000401      -1.02196550       3.88174094E-02   1.05196702       2.36131647E-03
   4.31000423      -1.01733375       3.81332599E-02   1.04236674       2.29554344E-03
   4.32000446      -1.01425755       3.66881713E-02   1.03612375       2.15234817E-03
   4.33000469      -1.01194096       3.76531817E-02   1.03163099       2.24422757E-03
   4.34000492      -1.00802720       3.75115164E-02   1.02377260       2.21199589E-03
   4.35000515      -1.00861585       3.84221300E-02   1.02480233       2.31222971E-03
   4.36000538      -1.00474143       3.77328247E-02   1.01707172       2.24445411E-03
   4.37000561      -1.00005865       3.75631303E-02   1.00761032       2.21369253E-03
   4.38000584     -0.997676849       3.74156386E-02   1.00281394       2.20993604E-03
   4.39000607     -0.994872928       3.72953415E-02  0.997113883       2.18683807E-03
   4.40000629     -0.992053032       3.66200283E-02  0.991590738       2.12326366E-03
   4.41000652     -0.990847826       3.69864777E-02  0.989177704       2.14538747E-03
   4.42000675     -0.986930609       3.70455794E-02  0.981437266       2.16114242E-03
   4.43000698     -0.984817207       3.80246155E-02  0.977401614       2.25058501E-03
   4.44000721     -0.980766058       3.65975648E-02  0.969208956       2.11799727E-03
   4.45000744     -0.979370117       3.65684293E-02  0.966765821       2.10997183E-03
   4.46000767     -0.977801442       3.74243781E-02  0.963408232       2.13543791E-03
   4.47000790     -0.971830249       3.72674540E-02  0.951990962       2.17923545E-03
   4.48000813     -0.973566294       3.59729119E-02  0.955168605       2.01003393E-03
   4.49000835     -0.969250381       3.70139591E-02  0.946802974       2.15359009E-03
   4.50000858     -0.965713501       3.72119583E-02  0.939980924       2.16402463E-03
   4.51000881     -0.964268923       3.62877399E-02  0.937085807       2.06450420E-03
   4.52000904     -0.961455345       3.59301791E-02  0.931806028       2.03260942E-03
   4.53000927     -0.958933830       3.59554328E-02  0.926947355       2.03327113E-03
   4.54000950     -0.956681252       3.65639850E-02  0.922497213       2.11503636E-03
   4.55000973     -0.954457164       3.67017649E-02  0.918152690       2.11357092E-03
   4.56000996     -0.951040804       3.68199721E-02  0.911824226       2.14638771E-03
   4.57001019     -0.950059772       3.66333649E-02  0.909804881       2.09279405E-03
   4.58001041     -0.946625471       3.65922786E-02  0.903331041       2.10116175E-03
   4.59001064     -0.943222463       3.56346481E-02  0.896916926       1.99071341E-03
   4.60001087     -0.942575574       3.55767906E-02  0.895449758       2.00420292E-03
   4.61001110     -0.939368367       3.61899137E-02  0.889626086       2.05671042E-03
   4.62001133     -0.937565565       3.63050736E-02  0.886328399       2.05331016E-03
   4.63001156     -0.934191942       3.57005447E-02  0.879909158       1.99908973E-03
   4.64001179     -0.932053685       3.54556516E-02  0.875866950       1.98659464E-03
   4.65001202     -0.930402040       3.44979912E-02  0.872907758       1.87452987E-03
   4.66001225     -0.926768005       3.53680998E-02  0.866100550       1.97180011E-03
   4.67001247     -0.927016556       3.54095846E-02  0.866615832       1.97038520E-03
   4.68001270     -0.923203170       3.59300375E-02  0.859374583       2.00863439E-03
   4.69001293     -0.919333994       3.42736319E-02  0.852411687       1.85008021E-03
   4.70001316     -0.918624222       3.58835533E-02  0.851041734       2.03538965E-03
   4.71001339     -0.914781868       3.50822695E-02  0.843808055       1.93010911E-03
   4.72001362     -0.914939165       3.54585610E-02  0.844104767       1.95693225E-03
   4.73001385     -0.911395907       3.51990946E-02  0.837774277       1.93976669E-03
   4.74001408     -0.908639669       3.46903056E-02  0.832762897       1.92423165E-03
   4.75001431     -0.905473411       3.53499353E-02  0.826956213       1.93687482E-03
   4.76001453     -0.906521678       3.52929085E-02  0.828845978       1.93830370E-03
   4.77001476     -0.903103828       3.52791622E-02  0.822654545       1.92669570E-03
   4.78001499     -0.899649918       3.47670391E-02  0.816369176       1.92957139E-03
   4.79001522     -0.901124120       3.42486650E-02  0.819097698       1.85911043E-03
   4.80001545     -0.897224665       3.60166095E-02  0.811933696       2.01550964E-03
   4.81001568     -0.895637631       3.46331410E-02  0.808992624       1.87410146E-03
   4.82001591     -0.890286446       3.48815061E-02  0.799640000       1.91789493E-03
   4.83001614     -0.891296089       3.45686227E-02  0.801500857       1.86168239E-03
   4.84001637     -0.887701929       3.40852067E-02  0.795114875       1.84828765E-03
   4.85001659     -0.885911167       3.39166373E-02  0.791834533       1.81245012E-03
   4.86001682     -0.884073675       3.47340032E-02  0.788532972       1.89592235E-03
   4.87001705     -0.882298768       3.41773480E-02  0.785436451       1.81228667E-03
   4.88001728     -0.882178426       3.44234854E-02  0.785141051       1.87130249E-03
   4.89001751     -0.876624346       3.38197909E-02  0.775422871       1.81212625E-03
   4.90001774     -0.876032293       3.47161144E-02  0.774270117       1.90255127E-03
   4.91001797     -0.874706030       3.40952091E-02  0.772083402       1.82080618E-03
   4.92001820     -0.869945765       3.37710828E-02  0.763832748       1.80677266E-03
   4.93001842     -0.869692266       3.44067030E-02  0.763165116       1.87296839E-03
   4.94001865     -0.864104748       3.40237468E-02  0.753419161       1.82395056E-03
   4.95001888     -0.866465092       3.36944982E-02  0.757693946       1.78162626E-03
   4.96001911     -0.863487303       3.40410918E-02  0.752403677       1.82385230E-03
   4.97001934     -0.861185193       3.26033644E-02  0.748391390       1.68187963E-03
   4.98001957     -0.858900070       3.35958377E-02  0.744552493       1.78535795E-03
   4.99001980     -0.856688142       3.38668302E-02  0.740842283       1.79954967E-03
